4
   0    0    1    2
 1230 3012 1302 3120
   0    2    3    3
 2031 2103 2103 0321
   0    1    3    3
 3120 2103 0321 0213
   1    1    2    2
 2103 0321 0321 0213
Angles :
N.  0:   0.2617993797   0.5235988081   0.2617993797   0.2617993797   1.5707963268   0.2617993797   
N.  1:   1.5707963268   0.2617993797   0.2617993797   0.5235988081   0.2617993797   0.2617993797   
N.  2:   1.5707963268   0.2617993797   0.2617993797   0.5235988081   0.2617993797   0.2617993797   
N.  3:   1.5707963268   0.2617993797   0.2617993797   0.5235988081   0.2617993797   0.2617993797   
Volume: 11.4487761096  (2.8621940274, 2.8621940274, 2.8621940274, 2.8621940274)
Boundary: T^(3) 
Pi: <a, b, c, d|a^(2)bd^(-1)ca^(-1)bcbdc^(-1)bd^(2)>
Homology: Z+Z+Z
-------------------
4
   0    0    1    2
 1230 3012 1302 3120
   0    2    3    3
 2031 2103 2103 0321
   0    1    3    3
 3120 2103 0321 1023
   1    1    2    2
 2103 0321 0321 1023
Angles :
N.  0:   0.2617993797   0.5235988081   0.2617993797   0.2617993797   1.5707963268   0.2617993797   
N.  1:   1.5707963268   0.2617993797   0.2617993797   0.5235988081   0.2617993797   0.2617993797   
N.  2:   1.5707963268   0.2617993797   0.2617993797   0.5235988081   0.2617993797   0.2617993797   
N.  3:   1.5707963268   0.2617993797   0.2617993797   0.5235988081   0.2617993797   0.2617993797   
Volume: 11.4487761096  (2.8621940274, 2.8621940274, 2.8621940274, 2.8621940274)
Boundary: T^(3) 
Pi: <a, b, c, d|a^(2)bd^(-1)ca^(-1)bcbdbd^(2)c^(-1)>
Homology: Z+Z+Z
-------------------
4
   0    0    1    2
 1230 3012 1302 3120
   0    2    3    3
 2031 2103 2103 2031
   0    1    3    3
 3120 2103 0321 1023
   1    1    2    2
 2103 1302 0321 1023
Angles :
N.  0:   0.2617993797   0.5235988081   0.2617993797   0.2617993797   1.5707963268   0.2617993797   
N.  1:   1.5707963268   0.2617993797   0.2617993797   0.5235988081   0.2617993797   0.2617993797   
N.  2:   1.5707963268   0.2617993797   0.2617993797   0.5235988081   0.2617993797   0.2617993797   
N.  3:   1.5707963268   0.2617993797   0.2617993797   0.5235988081   0.2617993797   0.2617993797   
Volume: 11.4487761096  (2.8621940274, 2.8621940274, 2.8621940274, 2.8621940274)
Boundary: T^(3) 
Pi: <a, b, c, d|a^(2)bd^(-1)b^(-1)d^(-1)b^(-1)c^(-1)b^(-1)ac^(-1)dcd^(-1)>
Homology: Z+Z+Z
-------------------
4
   0    0    1    2
 1230 3012 1302 3120
   0    2    3    3
 2031 3120 2103 0321
   0    1    3    3
 3120 3120 0321 0213
   1    1    2    2
 2103 0321 0321 0213
Angles :
N.  0:   0.2617993797   0.5235988081   0.2617993797   0.2617993797   1.5707963268   0.2617993797   
N.  1:   1.5707963268   0.2617993797   0.2617993797   0.5235988081   0.2617993797   0.2617993797   
N.  2:   1.5707963268   0.2617993797   0.2617993797   0.5235988081   0.2617993797   0.2617993797   
N.  3:   1.5707963268   0.2617993797   0.2617993797   0.5235988081   0.2617993797   0.2617993797   
Volume: 11.4487761096  (2.8621940274, 2.8621940274, 2.8621940274, 2.8621940274)
Boundary: T^(3) 
Pi: <a, b, c, d|a^(2)bd^(-1)cbdc^(-1)b^(-1)ac^(-1)bd^(2)>
Homology: Z+Z+Z
-------------------
4
   0    0    1    2
 1230 3012 1302 3120
   0    2    3    3
 2031 3120 2103 0321
   0    1    3    3
 3120 3120 0321 1023
   1    1    2    2
 2103 0321 0321 1023
Angles :
N.  0:   0.2617993797   0.5235988081   0.2617993797   0.2617993797   1.5707963268   0.2617993797   
N.  1:   1.5707963268   0.2617993797   0.2617993797   0.5235988081   0.2617993797   0.2617993797   
N.  2:   1.5707963268   0.2617993797   0.2617993797   0.5235988081   0.2617993797   0.2617993797   
N.  3:   1.5707963268   0.2617993797   0.2617993797   0.5235988081   0.2617993797   0.2617993797   
Volume: 11.4487761096  (2.8621940274, 2.8621940274, 2.8621940274, 2.8621940274)
Boundary: T^(3) 
Pi: <a, b, c, d|a^(2)bd^(-1)cbdbd^(2)c^(-1)b^(-1)ac^(-1)>
Homology: Z+Z+Z
-------------------
4
   0    0    1    2
 1230 3012 1302 3120
   0    2    3    3
 2031 3120 2103 2031
   0    1    3    3
 3120 3120 0321 1023
   1    1    2    2
 2103 1302 0321 1023
Angles :
N.  0:   0.2617993797   0.5235988081   0.2617993797   0.2617993797   1.5707963268   0.2617993797   
N.  1:   1.5707963268   0.2617993797   0.2617993797   0.5235988081   0.2617993797   0.2617993797   
N.  2:   1.5707963268   0.2617993797   0.2617993797   0.5235988081   0.2617993797   0.2617993797   
N.  3:   1.5707963268   0.2617993797   0.2617993797   0.5235988081   0.2617993797   0.2617993797   
Volume: 11.4487761096  (2.8621940274, 2.8621940274, 2.8621940274, 2.8621940274)
Boundary: T^(3) 
Pi: <a, b, c, d|a^(2)bd^(-1)b^(-1)d^(-1)b^(-1)c^(-1)dca^(-1)bcd^(-1)>
Homology: Z+Z+Z
-------------------
4
   0    0    1    2
 1302 2031 1302 3120
   0    2    3    3
 2031 2103 2103 0321
   0    1    3    3
 3120 2103 0321 0213
   1    1    2    2
 2103 0321 0321 0213
Angles :
N.  0:   0.2617993797   0.5235988081   0.2617993797   0.2617993797   1.5707963268   0.2617993797   
N.  1:   1.5707963268   0.2617993797   0.2617993797   0.5235988081   0.2617993797   0.2617993797   
N.  2:   1.5707963268   0.2617993797   0.2617993797   0.5235988081   0.2617993797   0.2617993797   
N.  3:   1.5707963268   0.2617993797   0.2617993797   0.5235988081   0.2617993797   0.2617993797   
Volume: 11.4487761096  (2.8621940274, 2.8621940274, 2.8621940274, 2.8621940274)
Boundary: T^(3) 
Pi: <a, b, c, d|a^(2)c^(-1)db^(-1)a^(-1)d^(-2)b^(-1)cd^(-1)b^(-1)c^(-1)b^(-1)>
Homology: Z+Z+Z
-------------------
4
   0    0    1    2
 1302 2031 1302 3120
   0    2    3    3
 2031 2103 2103 0321
   0    1    3    3
 3120 2103 0321 1023
   1    1    2    2
 2103 0321 0321 1023
Angles :
N.  0:   0.2617993797   0.5235988081   0.2617993797   0.2617993797   1.5707963268   0.2617993797   
N.  1:   1.5707963268   0.2617993797   0.2617993797   0.5235988081   0.2617993797   0.2617993797   
N.  2:   1.5707963268   0.2617993797   0.2617993797   0.5235988081   0.2617993797   0.2617993797   
N.  3:   1.5707963268   0.2617993797   0.2617993797   0.5235988081   0.2617993797   0.2617993797   
Volume: 11.4487761096  (2.8621940274, 2.8621940274, 2.8621940274, 2.8621940274)
Boundary: T^(3) 
Pi: <a, b, c, d|a^(2)c^(-1)db^(-1)a^(-1)cd^(-2)b^(-1)d^(-1)b^(-1)c^(-1)b^(-1)>
Homology: Z+Z+Z
-------------------
4
   0    0    1    2
 1302 2031 1302 3120
   0    2    3    3
 2031 2103 2103 2031
   0    1    3    3
 3120 2103 0321 1023
   1    1    2    2
 2103 1302 0321 1023
Angles :
N.  0:   0.2617993797   0.5235988081   0.2617993797   0.2617993797   1.5707963268   0.2617993797   
N.  1:   1.5707963268   0.2617993797   0.2617993797   0.5235988081   0.2617993797   0.2617993797   
N.  2:   1.5707963268   0.2617993797   0.2617993797   0.5235988081   0.2617993797   0.2617993797   
N.  3:   1.5707963268   0.2617993797   0.2617993797   0.5235988081   0.2617993797   0.2617993797   
Volume: 11.4487761096  (2.8621940274, 2.8621940274, 2.8621940274, 2.8621940274)
Boundary: T^(3) 
Pi: <a, b, c, d|a^(2)c^(-1)dcd^(-1)abd^(-1)b^(-1)d^(-1)b^(-1)c^(-1)b^(-1)>
Homology: Z+Z+Z
-------------------
4
   0    0    1    2
 1302 2031 1302 3120
   0    2    3    3
 2031 3120 2103 0321
   0    1    3    3
 3120 3120 0321 0213
   1    1    2    2
 2103 0321 0321 0213
Angles :
N.  0:   0.2617993797   0.5235988081   0.2617993797   0.2617993797   1.5707963268   0.2617993797   
N.  1:   1.5707963268   0.2617993797   0.2617993797   0.5235988081   0.2617993797   0.2617993797   
N.  2:   1.5707963268   0.2617993797   0.2617993797   0.5235988081   0.2617993797   0.2617993797   
N.  3:   1.5707963268   0.2617993797   0.2617993797   0.5235988081   0.2617993797   0.2617993797   
Volume: 11.4487761096  (2.8621940274, 2.8621940274, 2.8621940274, 2.8621940274)
Boundary: T^(3) 
Pi: <a, b, c, d|a^(2)c^(-1)bd^(2)abd^(-1)cbdc^(-1)b^(-1)>
Homology: Z+Z+Z
-------------------
4
   0    0    1    2
 1302 2031 1302 3120
   0    2    3    3
 2031 3120 2103 0321
   0    1    3    3
 3120 3120 0321 1023
   1    1    2    2
 2103 0321 0321 1023
Angles :
N.  0:   0.2617993797   0.5235988081   0.2617993797   0.2617993797   1.5707963268   0.2617993797   
N.  1:   1.5707963268   0.2617993797   0.2617993797   0.5235988081   0.2617993797   0.2617993797   
N.  2:   1.5707963268   0.2617993797   0.2617993797   0.5235988081   0.2617993797   0.2617993797   
N.  3:   1.5707963268   0.2617993797   0.2617993797   0.5235988081   0.2617993797   0.2617993797   
Volume: 11.4487761096  (2.8621940274, 2.8621940274, 2.8621940274, 2.8621940274)
Boundary: T^(3) 
Pi: <a, b, c, d|a^(2)c^(-1)abd^(-1)cbdbd^(2)c^(-1)b^(-1)>
Homology: Z+Z+Z
-------------------
4
   0    0    1    2
 1302 2031 1302 3120
   0    2    3    3
 2031 3120 2103 2031
   0    1    3    3
 3120 3120 0321 1023
   1    1    2    2
 2103 1302 0321 1023
Angles :
N.  0:   0.2617993797   0.5235988081   0.2617993797   0.2617993797   1.5707963268   0.2617993797   
N.  1:   1.5707963268   0.2617993797   0.2617993797   0.5235988081   0.2617993797   0.2617993797   
N.  2:   1.5707963268   0.2617993797   0.2617993797   0.5235988081   0.2617993797   0.2617993797   
N.  3:   1.5707963268   0.2617993797   0.2617993797   0.5235988081   0.2617993797   0.2617993797   
Volume: 11.4487761096  (2.8621940274, 2.8621940274, 2.8621940274, 2.8621940274)
Boundary: T^(3) 
Pi: <a, b, c, d|a^(2)c^(-1)d^(-1)cbdbdb^(-1)a^(-1)dc^(-1)b^(-1)>
Homology: Z+Z+Z
-------------------
4
   1    1    2    2
 0321 2103 2103 2031
   0    0    3    3
 0321 2103 2103 2031
   0    0    3    3
 2103 1302 0321 2103
   1    1    2    2
 2103 1302 0321 2103
Angles :
N.  0:   1.5707963268   0.2617993797   0.2617993797   0.5235988081   0.2617993797   0.2617993797   
N.  1:   1.5707963268   0.2617993797   0.2617993797   0.5235988081   0.2617993797   0.2617993797   
N.  2:   1.5707963268   0.2617993797   0.2617993797   0.5235988081   0.2617993797   0.2617993797   
N.  3:   1.5707963268   0.2617993797   0.2617993797   0.5235988081   0.2617993797   0.2617993797   
Volume: 11.4487761096  (2.8621940274, 2.8621940274, 2.8621940274, 2.8621940274)
Boundary: T^(3) 
Pi: <a, b, c, d|bcb^(-1)dc^(-1)a^(-1)ba^(-1)d^(2)c^(-1)a^(-1)cda^(-1)>
Homology: Z+Z+Z
-------------------
4
   1    1    2    2
 0321 2103 2103 2031
   0    0    3    3
 0321 2103 2103 2031
   0    0    3    3
 2103 1302 0321 0213
   1    1    2    2
 2103 1302 0321 0213
Angles :
N.  0:   1.5707963268   0.2617993797   0.2617993797   0.5235988081   0.2617993797   0.2617993797   
N.  1:   1.5707963268   0.2617993797   0.2617993797   0.5235988081   0.2617993797   0.2617993797   
N.  2:   1.5707963268   0.2617993797   0.2617993797   0.5235988081   0.2617993797   0.2617993797   
N.  3:   1.5707963268   0.2617993797   0.2617993797   0.5235988081   0.2617993797   0.2617993797   
Volume: 11.4487761096  (2.8621940274, 2.8621940274, 2.8621940274, 2.8621940274)
Boundary: T^(3) 
Pi: <a, b, c, d|bcb^(-1)dc^(-1)a^(-1)ba^(-1)dacd^(-1)c^(-1)da^(-1)>
Homology: Z+Z+Z
-------------------
4
   1    1    2    2
 0321 2103 2103 2031
   0    0    3    3
 0321 2103 2103 3201
   0    0    3    3
 2103 1302 0321 2103
   1    1    2    2
 2103 2310 0321 2103
Angles :
N.  0:   1.5707963268   0.2617993797   0.2617993797   0.5235988081   0.2617993797   0.2617993797   
N.  1:   1.5707963268   0.2617993797   0.2617993797   0.5235988081   0.2617993797   0.2617993797   
N.  2:   1.5707963268   0.2617993797   0.2617993797   0.5235988081   0.2617993797   0.2617993797   
N.  3:   1.5707963268   0.2617993797   0.2617993797   0.5235988081   0.2617993797   0.2617993797   
Volume: 11.4487761096  (2.8621940274, 2.8621940274, 2.8621940274, 2.8621940274)
Boundary: T^(3) 
Pi: <a, b, c, d|bc^(2)db^(-1)dc^(-1)a^(-1)ba^(-1)d^(2)c^(-1)a^(-2)>
Homology: Z+Z+Z
-------------------
4
   1    1    2    2
 0321 2103 2103 2031
   0    0    3    3
 0321 2103 2103 3201
   0    0    3    3
 2103 1302 0321 0213
   1    1    2    2
 2103 2310 0321 0213
Angles :
N.  0:   1.5707963268   0.2617993797   0.2617993797   0.5235988081   0.2617993797   0.2617993797   
N.  1:   1.5707963268   0.2617993797   0.2617993797   0.5235988081   0.2617993797   0.2617993797   
N.  2:   1.5707963268   0.2617993797   0.2617993797   0.5235988081   0.2617993797   0.2617993797   
N.  3:   1.5707963268   0.2617993797   0.2617993797   0.5235988081   0.2617993797   0.2617993797   
Volume: 11.4487761096  (2.8621940274, 2.8621940274, 2.8621940274, 2.8621940274)
Boundary: T^(3) 
Pi: <a, b, c, d|bc^(2)dc^(-1)a^(-1)d^(-1)ab^(-1)acd^(-1)bd^(-1)a^(-1)>
Homology: Z+Z+Z
-------------------
4
   1    1    2    2
 0321 2103 2103 3201
   0    0    3    3
 0321 2103 2103 3201
   0    0    3    3
 2103 2310 0321 2103
   1    1    2    2
 2103 2310 0321 2103
Angles :
N.  0:   1.5707963268   0.2617993797   0.2617993797   0.5235988081   0.2617993797   0.2617993797   
N.  1:   1.5707963268   0.2617993797   0.2617993797   0.5235988081   0.2617993797   0.2617993797   
N.  2:   1.5707963268   0.2617993797   0.2617993797   0.5235988081   0.2617993797   0.2617993797   
N.  3:   1.5707963268   0.2617993797   0.2617993797   0.5235988081   0.2617993797   0.2617993797   
Volume: 11.4487761096  (2.8621940274, 2.8621940274, 2.8621940274, 2.8621940274)
Boundary: T^(3) 
Pi: <a, b, c, d|bc^(2)db^(-1)d^(2)c^(-1)a^(-1)dc^(-1)a^(-1)ba^(-2)>
Homology: Z+Z+Z
-------------------
4
   1    1    2    2
 0321 2103 2103 3201
   0    0    3    3
 0321 2103 2103 3201
   0    0    3    3
 2103 2310 0321 0213
   1    1    2    2
 2103 2310 0321 0213
Angles :
N.  0:   1.5707963268   0.2617993797   0.2617993797   0.5235988081   0.2617993797   0.2617993797   
N.  1:   1.5707963268   0.2617993797   0.2617993797   0.5235988081   0.2617993797   0.2617993797   
N.  2:   1.5707963268   0.2617993797   0.2617993797   0.5235988081   0.2617993797   0.2617993797   
N.  3:   1.5707963268   0.2617993797   0.2617993797   0.5235988081   0.2617993797   0.2617993797   
Volume: 11.4487761096  (2.8621940274, 2.8621940274, 2.8621940274, 2.8621940274)
Boundary: T^(3) 
Pi: <a, b, c, d|bc^(2)dc^(-1)a^(-1)dc^(-1)a^(-1)ba^(-1)d^(-1)bd^(-1)a^(-1)>
Homology: Z+Z+Z
-------------------
4
   1    1    2    2
 0321 3120 2103 2031
   0    0    3    3
 0321 3120 2103 2031
   0    0    3    3
 2103 1302 0321 0213
   1    1    2    2
 2103 1302 0321 0213
Angles :
N.  0:   1.5707963268   0.2617993797   0.2617993797   0.5235988081   0.2617993797   0.2617993797   
N.  1:   1.5707963268   0.2617993797   0.2617993797   0.5235988081   0.2617993797   0.2617993797   
N.  2:   1.5707963268   0.2617993797   0.2617993797   0.5235988081   0.2617993797   0.2617993797   
N.  3:   1.5707963268   0.2617993797   0.2617993797   0.5235988081   0.2617993797   0.2617993797   
Volume: 11.4487761096  (2.8621940274, 2.8621940274, 2.8621940274, 2.8621940274)
Boundary: T^(3) 
Pi: <a, b, c, d|bc^(-1)b^(-1)acd^(-1)ba^(-1)dacd^(-1)c^(-1)da^(-1)>
Homology: Z+Z+Z
-------------------
4
   1    1    2    2
 0321 3120 2103 2031
   0    0    3    3
 0321 3120 2103 3201
   0    0    3    3
 2103 1302 0321 1023
   1    1    2    2
 2103 2310 0321 1023
Angles :
N.  0:   1.5707963268   0.2617993797   0.2617993797   0.5235988081   0.2617993797   0.2617993797   
N.  1:   1.5707963268   0.2617993797   0.2617993797   0.5235988081   0.2617993797   0.2617993797   
N.  2:   1.5707963268   0.2617993797   0.2617993797   0.5235988081   0.2617993797   0.2617993797   
N.  3:   1.5707963268   0.2617993797   0.2617993797   0.5235988081   0.2617993797   0.2617993797   
Volume: 11.4487761096  (2.8621940274, 2.8621940274, 2.8621940274, 2.8621940274)
Boundary: T^(3) 
Pi: <a, b, c, d|bd^(-2)ab^(-1)dc^(-1)a^(-1)bc^(2)acd^(-1)a^(-1)>
Homology: Z+Z+Z
-------------------
4
   1    1    2    2
 0321 3120 2103 3201
   0    0    3    3
 0321 3120 2103 3201
   0    0    3    3
 2103 2310 0321 1023
   1    1    2    2
 2103 2310 0321 1023
Angles :
N.  0:   1.5707963268   0.2617993797   0.2617993797   0.5235988081   0.2617993797   0.2617993797   
N.  1:   1.5707963268   0.2617993797   0.2617993797   0.5235988081   0.2617993797   0.2617993797   
N.  2:   1.5707963268   0.2617993797   0.2617993797   0.5235988081   0.2617993797   0.2617993797   
N.  3:   1.5707963268   0.2617993797   0.2617993797   0.5235988081   0.2617993797   0.2617993797   
Volume: 11.4487761096  (2.8621940274, 2.8621940274, 2.8621940274, 2.8621940274)
Boundary: T^(3) 
Pi: <a, b, c, d|bd^(-2)ba^(-1)c^(-2)b^(-1)acd^(-1)acd^(-1)a^(-1)>
Homology: Z+Z+Z
-------------------
4
   1    1    2    2
 0321 0132 2103 3201
   0    0    3    3
 0321 0132 2103 3201
   0    0    3    3
 2103 2310 0321 1023
   1    1    2    2
 2103 2310 0321 1023
Angles :
N.  0:   1.5707963268   0.2617993797   0.2617993797   0.5235988081   0.2617993797   0.2617993797   
N.  1:   1.5707963268   0.2617993797   0.2617993797   0.5235988081   0.2617993797   0.2617993797   
N.  2:   1.5707963268   0.2617993797   0.2617993797   0.5235988081   0.2617993797   0.2617993797   
N.  3:   1.5707963268   0.2617993797   0.2617993797   0.5235988081   0.2617993797   0.2617993797   
Volume: 11.4487761096  (2.8621940274, 2.8621940274, 2.8621940274, 2.8621940274)
Boundary: T^(3) 
Pi: <a, b, c, d|ba^(-1)c^(-2)b^(-1)d^(2)b^(-1)acd^(-1)acd^(-1)a^(-1)>
Homology: Z+Z+Z
-------------------
4
   1    1    2    3
 0321 2103 3201 2310
   0    0    2    3
 0321 2103 2310 3201
   0    1    3    3
 2310 3201 1230 1302
   0    1    2    2
 3201 2310 2031 3012
Angles :
N.  0:   0.2617993797   0.5235988081   0.2617993797   0.2617993797   1.5707963268   0.2617993797   
N.  1:   0.2617993797   0.5235988081   0.2617993797   0.2617993797   1.5707963268   0.2617993797   
N.  2:   0.2617993797   1.5707963268   0.2617993797   0.2617993797   0.5235988081   0.2617993797   
N.  3:   0.2617993797   1.5707963268   0.2617993797   0.2617993797   0.5235988081   0.2617993797   
Volume: 11.4487761096  (2.8621940274, 2.8621940274, 2.8621940274, 2.8621940274)
Boundary: T^(3) 
Pi: <a, b, c, d|bcd^(-1)c^(-1)a^(-1)cb^(-1)d^(-1)ab^(-1)cda^(-1)>
Homology: Z+Z+Z
-------------------
4
   1    1    2    3
 0321 2103 3201 2310
   0    0    2    3
 0321 2103 2310 3201
   0    1    3    3
 2310 3201 1230 0132
   0    1    2    2
 3201 2310 0132 3012
Angles :
N.  0:   0.2617993797   0.5235988081   0.2617993797   0.2617993797   1.5707963268   0.2617993797   
N.  1:   0.2617993797   0.5235988081   0.2617993797   0.2617993797   1.5707963268   0.2617993797   
N.  2:   0.2617993797   1.5707963268   0.2617993797   0.2617993797   0.5235988081   0.2617993797   
N.  3:   0.2617993797   1.5707963268   0.2617993797   0.2617993797   0.5235988081   0.2617993797   
Volume: 11.4487761096  (2.8621940274, 2.8621940274, 2.8621940274, 2.8621940274)
Boundary: T^(3) 
Pi: <a, b, c, d|bcb^(-1)d^(-2)c^(-1)a^(-1)cab^(-1)cda^(-1)>
Homology: Z+Z+Z
-------------------
4
   1    1    2    3
 0321 2103 3201 2310
   0    0    2    3
 0321 2103 2310 3201
   0    1    3    3
 2310 3201 2031 0132
   0    1    2    2
 3201 2310 0132 1302
Angles :
N.  0:   0.2617993797   0.5235988081   0.2617993797   0.2617993797   1.5707963268   0.2617993797   
N.  1:   0.2617993797   0.5235988081   0.2617993797   0.2617993797   1.5707963268   0.2617993797   
N.  2:   0.2617993797   1.5707963268   0.2617993797   0.2617993797   0.5235988081   0.2617993797   
N.  3:   0.2617993797   1.5707963268   0.2617993797   0.2617993797   0.5235988081   0.2617993797   
Volume: 11.4487761096  (2.8621940274, 2.8621940274, 2.8621940274, 2.8621940274)
Boundary: T^(3) 
Pi: <a, b, c, d|bcb^(-1)d^(-1)c^(-1)a^(-1)cab^(-1)cd^(2)a^(-1)>
Homology: Z+Z+Z
-------------------
4
   1    1    2    3
 0321 0132 3201 2310
   0    0    2    3
 0321 0132 2310 3201
   0    1    3    3
 2310 3201 1230 1302
   0    1    2    2
 3201 2310 2031 3012
Angles :
N.  0:   0.2617993797   0.5235988081   0.2617993797   0.2617993797   1.5707963268   0.2617993797   
N.  1:   0.2617993797   0.5235988081   0.2617993797   0.2617993797   1.5707963268   0.2617993797   
N.  2:   0.2617993797   1.5707963268   0.2617993797   0.2617993797   0.5235988081   0.2617993797   
N.  3:   0.2617993797   1.5707963268   0.2617993797   0.2617993797   0.5235988081   0.2617993797   
Volume: 11.4487761096  (2.8621940274, 2.8621940274, 2.8621940274, 2.8621940274)
Boundary: T^(3) 
Pi: <a, b, c, d|ba^(-1)dbcd^(-1)c^(-1)a^(-1)cb^(-1)cda^(-1)>
Homology: Z+Z+Z
-------------------
4
   1    1    2    3
 0321 0132 3201 2310
   0    0    2    3
 0321 0132 2310 3201
   0    1    3    3
 2310 3201 1230 0132
   0    1    2    2
 3201 2310 0132 3012
Angles :
N.  0:   0.2617993797   0.5235988081   0.2617993797   0.2617993797   1.5707963268   0.2617993797   
N.  1:   0.2617993797   0.5235988081   0.2617993797   0.2617993797   1.5707963268   0.2617993797   
N.  2:   0.2617993797   1.5707963268   0.2617993797   0.2617993797   0.5235988081   0.2617993797   
N.  3:   0.2617993797   1.5707963268   0.2617993797   0.2617993797   0.5235988081   0.2617993797   
Volume: 11.4487761096  (2.8621940274, 2.8621940274, 2.8621940274, 2.8621940274)
Boundary: T^(3) 
Pi: <a, b, c, d|ba^(-1)c^(-1)acd^(2)bcb^(-1)cda^(-1)>
Homology: Z+Z+Z
-------------------
4
   1    1    2    3
 0321 0132 3201 2310
   0    0    2    3
 0321 0132 2310 3201
   0    1    3    3
 2310 3201 2031 0132
   0    1    2    2
 3201 2310 0132 1302
Angles :
N.  0:   0.2617993797   0.5235988081   0.2617993797   0.2617993797   1.5707963268   0.2617993797   
N.  1:   0.2617993797   0.5235988081   0.2617993797   0.2617993797   1.5707963268   0.2617993797   
N.  2:   0.2617993797   1.5707963268   0.2617993797   0.2617993797   0.5235988081   0.2617993797   
N.  3:   0.2617993797   1.5707963268   0.2617993797   0.2617993797   0.5235988081   0.2617993797   
Volume: 11.4487761096  (2.8621940274, 2.8621940274, 2.8621940274, 2.8621940274)
Boundary: T^(3) 
Pi: <a, b, c, d|ba^(-1)c^(-1)acdbcb^(-1)cd^(2)a^(-1)>
Homology: Z+Z+Z
-------------------
4
   0    0    1    2
 1230 3012 2103 1230
   0    1    1    3
 2103 1230 3012 3120
   0    3    3    3
 3012 2103 0321 0213
   1    2    2    2
 3120 2103 0321 0213
Angles :
N.  0:   0.2617993797   0.5235988081   0.2617993797   0.2617993797   1.5707963268   0.2617993797   
N.  1:   0.2617993797   0.2617993797   1.5707963268   0.2617993797   0.2617993797   0.5235988081   
N.  2:   0.2617993797   0.2617993797   1.5707963268   0.2617993797   0.2617993797   0.5235988081   
N.  3:   0.2617993797   0.2617993797   1.5707963268   0.2617993797   0.2617993797   0.5235988081   
Volume: 11.4487761096  (2.8621940274, 2.8621940274, 2.8621940274, 2.8621940274)
Boundary: T^(3) 
Pi: <a, b, c, d|a^(2)b^(2)d^(-1)a^(-1)b^(-1)c^(-1)dcdc^(-1)>
Homology: Z+Z+Z
-------------------
4
   0    0    1    2
 1230 3012 2103 1230
   0    1    1    3
 2103 1230 3012 3120
   0    3    3    3
 3012 2103 3120 0213
   1    2    2    2
 3120 2103 3120 0213
Angles :
N.  0:   0.2617993797   0.5235988081   0.2617993797   0.2617993797   1.5707963268   0.2617993797   
N.  1:   0.2617993797   0.2617993797   1.5707963268   0.2617993797   0.2617993797   0.5235988081   
N.  2:   0.2617993797   0.2617993797   1.5707963268   0.2617993797   0.2617993797   0.5235988081   
N.  3:   0.2617993797   0.2617993797   1.5707963268   0.2617993797   0.2617993797   0.5235988081   
Volume: 11.4487761096  (2.8621940274, 2.8621940274, 2.8621940274, 2.8621940274)
Boundary: T^(3) 
Pi: <a, b, c, d|a^(2)b^(2)d^(-1)c^(-1)d^(-1)a^(-1)b^(-1)c^(-1)dc^(-1)>
Homology: Z+Z+Z
-------------------
4
   0    0    1    2
 1230 3012 2103 1230
   0    1    1    3
 2103 1230 3012 3120
   0    3    3    3
 3012 3120 0321 0213
   1    2    2    2
 3120 3120 0321 0213
Angles :
N.  0:   0.2617993797   0.5235988081   0.2617993797   0.2617993797   1.5707963268   0.2617993797   
N.  1:   0.2617993797   0.2617993797   1.5707963268   0.2617993797   0.2617993797   0.5235988081   
N.  2:   0.2617993797   0.2617993797   1.5707963268   0.2617993797   0.2617993797   0.5235988081   
N.  3:   0.2617993797   0.2617993797   1.5707963268   0.2617993797   0.2617993797   0.5235988081   
Volume: 11.4487761096  (2.8621940274, 2.8621940274, 2.8621940274, 2.8621940274)
Boundary: T^(3) 
Pi: <a, b, c, d|a^(2)b^(2)d^(-1)a^(-1)b^(-1)c^(-1)d^(-1)cd^(-1)c^(-1)>
Homology: Z+Z+Z
-------------------
4
   0    0    1    2
 1230 3012 2103 1230
   0    1    1    3
 2103 3201 2310 3120
   0    3    3    3
 3012 2103 0321 0213
   1    2    2    2
 3120 2103 0321 0213
Angles :
N.  0:   0.2617993797   0.5235988081   0.2617993797   0.2617993797   1.5707963268   0.2617993797   
N.  1:   0.2617993797   0.2617993797   1.5707963268   0.2617993797   0.2617993797   0.5235988081   
N.  2:   0.2617993797   0.2617993797   1.5707963268   0.2617993797   0.2617993797   0.5235988081   
N.  3:   0.2617993797   0.2617993797   1.5707963268   0.2617993797   0.2617993797   0.5235988081   
Volume: 11.4487761096  (2.8621940274, 2.8621940274, 2.8621940274, 2.8621940274)
Boundary: T^(3) 
Pi: <a, b, c, d|a^(2)bd^(-1)a^(-1)b^(-2)c^(-1)dcdc^(-1)>
Homology: Z+Z+Z
-------------------
4
   0    0    1    2
 1230 3012 2103 1230
   0    1    1    3
 2103 3201 2310 3120
   0    3    3    3
 3012 2103 3120 0213
   1    2    2    2
 3120 2103 3120 0213
Angles :
N.  0:   0.2617993797   0.5235988081   0.2617993797   0.2617993797   1.5707963268   0.2617993797   
N.  1:   0.2617993797   0.2617993797   1.5707963268   0.2617993797   0.2617993797   0.5235988081   
N.  2:   0.2617993797   0.2617993797   1.5707963268   0.2617993797   0.2617993797   0.5235988081   
N.  3:   0.2617993797   0.2617993797   1.5707963268   0.2617993797   0.2617993797   0.5235988081   
Volume: 11.4487761096  (2.8621940274, 2.8621940274, 2.8621940274, 2.8621940274)
Boundary: T^(3) 
Pi: <a, b, c, d|a^(2)bd^(-1)c^(-1)d^(-1)a^(-1)b^(-2)c^(-1)dc^(-1)>
Homology: Z+Z+Z
-------------------
4
   0    0    1    2
 1230 3012 2103 1230
   0    1    1    3
 2103 3201 2310 3120
   0    3    3    3
 3012 3120 0321 0213
   1    2    2    2
 3120 3120 0321 0213
Angles :
N.  0:   0.2617993797   0.5235988081   0.2617993797   0.2617993797   1.5707963268   0.2617993797   
N.  1:   0.2617993797   0.2617993797   1.5707963268   0.2617993797   0.2617993797   0.5235988081   
N.  2:   0.2617993797   0.2617993797   1.5707963268   0.2617993797   0.2617993797   0.5235988081   
N.  3:   0.2617993797   0.2617993797   1.5707963268   0.2617993797   0.2617993797   0.5235988081   
Volume: 11.4487761096  (2.8621940274, 2.8621940274, 2.8621940274, 2.8621940274)
Boundary: T^(3) 
Pi: <a, b, c, d|a^(2)bd^(-1)a^(-1)b^(-2)c^(-1)d^(-1)cd^(-1)c^(-1)>
Homology: Z+Z+Z
-------------------
4
   0    0    1    2
 1230 3012 2103 1230
   0    1    1    3
 2103 3201 2310 3120
   0    3    3    3
 3012 3120 1023 0213
   1    2    2    2
 3120 3120 1023 0213
Angles :
N.  0:   0.2617993797   0.5235988081   0.2617993797   0.2617993797   1.5707963268   0.2617993797   
N.  1:   0.2617993797   0.2617993797   1.5707963268   0.2617993797   0.2617993797   0.5235988081   
N.  2:   0.2617993797   0.2617993797   1.5707963268   0.2617993797   0.2617993797   0.5235988081   
N.  3:   0.2617993797   0.2617993797   1.5707963268   0.2617993797   0.2617993797   0.5235988081   
Volume: 11.4487761096  (2.8621940274, 2.8621940274, 2.8621940274, 2.8621940274)
Boundary: T^(3) 
Pi: <a, b, c, d|a^(2)bd^(-1)cd^(-1)a^(-1)b^(-2)c^(-1)d^(-1)c^(-1)>
Homology: Z+Z+Z
-------------------
4
   0    0    1    2
 1230 3012 2103 1230
   0    1    1    3
 2103 3201 2310 3120
   0    3    3    3
 3012 0132 3120 0213
   1    2    2    2
 3120 0132 3120 0213
Angles :
N.  0:   0.2617993797   0.5235988081   0.2617993797   0.2617993797   1.5707963268   0.2617993797   
N.  1:   0.2617993797   0.2617993797   1.5707963268   0.2617993797   0.2617993797   0.5235988081   
N.  2:   0.2617993797   0.2617993797   1.5707963268   0.2617993797   0.2617993797   0.5235988081   
N.  3:   0.2617993797   0.2617993797   1.5707963268   0.2617993797   0.2617993797   0.5235988081   
Volume: 11.4487761096  (2.8621940274, 2.8621940274, 2.8621940274, 2.8621940274)
Boundary: T^(3) 
Pi: <a, b, c, d|a^(2)bd^(-1)c^(-1)dc^(-1)d^(-1)a^(-1)b^(-2)c^(-1)>
Homology: Z+Z+Z
-------------------
4
   0    0    1    2
 1230 3012 2103 1230
   0    1    1    3
 2103 3201 2310 3120
   0    3    3    3
 3012 0132 1023 0213
   1    2    2    2
 3120 0132 1023 0213
Angles :
N.  0:   0.2617993797   0.5235988081   0.2617993797   0.2617993797   1.5707963268   0.2617993797   
N.  1:   0.2617993797   0.2617993797   1.5707963268   0.2617993797   0.2617993797   0.5235988081   
N.  2:   0.2617993797   0.2617993797   1.5707963268   0.2617993797   0.2617993797   0.5235988081   
N.  3:   0.2617993797   0.2617993797   1.5707963268   0.2617993797   0.2617993797   0.5235988081   
Volume: 11.4487761096  (2.8621940274, 2.8621940274, 2.8621940274, 2.8621940274)
Boundary: T^(3) 
Pi: <a, b, c, d|a^(2)bd^(-1)cdcd^(-1)a^(-1)b^(-2)c^(-1)>
Homology: Z+Z+Z
-------------------
4
   0    0    1    2
 1230 3012 2103 1230
   0    1    1    3
 2103 1230 3012 2310
   0    3    3    3
 3012 2103 1230 0132
   1    2    2    2
 3201 2103 0132 3012
Angles :
N.  0:   0.2617993797   0.5235988081   0.2617993797   0.2617993797   1.5707963268   0.2617993797   
N.  1:   0.2617993797   0.2617993797   1.5707963268   0.2617993797   0.2617993797   0.5235988081   
N.  2:   0.2617993797   0.2617993797   1.5707963268   0.2617993797   0.2617993797   0.5235988081   
N.  3:   1.5707963268   0.2617993797   0.2617993797   0.5235988081   0.2617993797   0.2617993797   
Volume: 11.4487761096  (2.8621940274, 2.8621940274, 2.8621940274, 2.8621940274)
Boundary: T^(3) 
Pi: <a, b, c, d|a^(2)b^(2)c^(-1)d^(2)badc^(-2)>
Homology: Z_(3)+Z+Z+Z
-------------------
4
   0    0    1    2
 1230 3012 2103 1230
   0    1    1    3
 2103 1230 3012 2310
   0    3    3    3
 3012 2103 2031 0132
   1    2    2    2
 3201 2103 0132 1302
Angles :
N.  0:   0.2617993797   0.5235988081   0.2617993797   0.2617993797   1.5707963268   0.2617993797   
N.  1:   0.2617993797   0.2617993797   1.5707963268   0.2617993797   0.2617993797   0.5235988081   
N.  2:   0.2617993797   0.2617993797   1.5707963268   0.2617993797   0.2617993797   0.5235988081   
N.  3:   1.5707963268   0.2617993797   0.2617993797   0.5235988081   0.2617993797   0.2617993797   
Volume: 11.4487761096  (2.8621940274, 2.8621940274, 2.8621940274, 2.8621940274)
Boundary: T^(3) 
Pi: <a, b, c, d|a^(2)b^(2)c^(-1)dbad^(2)c^(-2)>
Homology: Z_(3)+Z+Z+Z
-------------------
4
   0    0    1    2
 1230 3012 2103 1230
   0    1    1    3
 2103 3201 2310 2310
   0    3    3    3
 3012 2103 1230 0132
   1    2    2    2
 3201 2103 0132 3012
Angles :
N.  0:   0.2617993797   0.5235988081   0.2617993797   0.2617993797   1.5707963268   0.2617993797   
N.  1:   0.2617993797   0.2617993797   1.5707963268   0.2617993797   0.2617993797   0.5235988081   
N.  2:   0.2617993797   0.2617993797   1.5707963268   0.2617993797   0.2617993797   0.5235988081   
N.  3:   1.5707963268   0.2617993797   0.2617993797   0.5235988081   0.2617993797   0.2617993797   
Volume: 11.4487761096  (2.8621940274, 2.8621940274, 2.8621940274, 2.8621940274)
Boundary: T^(3) 
Pi: <a, b, c, d|a^(2)bc^(-1)d^(2)b^(2)adc^(-2)>
Homology: Z_(3)+Z+Z+Z
-------------------
4
   0    0    1    2
 1230 3012 2103 1230
   0    1    1    3
 2103 3201 2310 2310
   0    3    3    3
 3012 3120 2031 0132
   1    2    2    2
 3201 3120 0132 1302
Angles :
N.  0:   0.2617993797   0.5235988081   0.2617993797   0.2617993797   1.5707963268   0.2617993797   
N.  1:   0.2617993797   0.2617993797   1.5707963268   0.2617993797   0.2617993797   0.5235988081   
N.  2:   0.2617993797   0.2617993797   1.5707963268   0.2617993797   0.2617993797   0.5235988081   
N.  3:   1.5707963268   0.2617993797   0.2617993797   0.5235988081   0.2617993797   0.2617993797   
Volume: 11.4487761096  (2.8621940274, 2.8621940274, 2.8621940274, 2.8621940274)
Boundary: T^(3) 
Pi: <a, b, c, d|a^(2)bc^(-2)db^(2)ad^(2)c^(-1)>
Homology: Z_(3)+Z+Z+Z
-------------------
4
   0    0    1    2
 1230 3012 2103 1230
   0    2    2    3
 2103 1230 0213 1230
   0    1    1    3
 3012 0213 3012 0321
   1    2    3    3
 3012 0321 1230 3012
Angles :
N.  0:   0.2617993797   0.5235988081   0.2617993797   0.2617993797   1.5707963268   0.2617993797   
N.  1:   0.2617993797   0.2617993797   1.5707963268   0.2617993797   0.2617993797   0.5235988081   
N.  2:   0.2617993797   0.2617993797   1.5707963268   0.2617993797   0.2617993797   0.5235988081   
N.  3:   0.2617993797   1.5707963268   0.2617993797   0.2617993797   0.5235988081   0.2617993797   
Volume: 11.4487761096  (2.8621940274, 2.8621940274, 2.8621940274, 2.8621940274)
Boundary: T^(3) 
Pi: <a, b, c, d|a^(2)bc^(-1)bd^(2)cd^(-1)ba^(-1)c>
Homology: Z+Z+Z
-------------------
4
   0    0    1    2
 1230 3012 2103 1230
   0    2    2    3
 2103 1230 0213 1230
   0    1    1    3
 3012 0213 3012 0321
   1    2    3    3
 3012 0321 2031 1302
Angles :
N.  0:   0.2617993797   0.5235988081   0.2617993797   0.2617993797   1.5707963268   0.2617993797   
N.  1:   0.2617993797   0.2617993797   1.5707963268   0.2617993797   0.2617993797   0.5235988081   
N.  2:   0.2617993797   0.2617993797   1.5707963268   0.2617993797   0.2617993797   0.5235988081   
N.  3:   0.2617993797   1.5707963268   0.2617993797   0.2617993797   0.5235988081   0.2617993797   
Volume: 11.4487761096  (2.8621940274, 2.8621940274, 2.8621940274, 2.8621940274)
Boundary: T^(3) 
Pi: <a, b, c, d|a^(2)bc^(-1)bdcd^(-2)ba^(-1)c>
Homology: Z+Z+Z
-------------------
4
   0    0    1    2
 1230 3012 2103 1230
   0    2    2    3
 2103 1230 2310 1230
   0    1    1    3
 3012 3201 3012 0321
   1    2    3    3
 3012 0321 1230 3012
Angles :
N.  0:   0.2617993797   0.5235988081   0.2617993797   0.2617993797   1.5707963268   0.2617993797   
N.  1:   0.2617993797   0.2617993797   1.5707963268   0.2617993797   0.2617993797   0.5235988081   
N.  2:   0.2617993797   0.2617993797   1.5707963268   0.2617993797   0.2617993797   0.5235988081   
N.  3:   0.2617993797   1.5707963268   0.2617993797   0.2617993797   0.5235988081   0.2617993797   
Volume: 11.4487761096  (2.8621940274, 2.8621940274, 2.8621940274, 2.8621940274)
Boundary: T^(3) 
Pi: <a, b, c, d|a^(2)bc^(-1)ab^(-1)dc^(-1)bd^(2)c>
Homology: Z+Z+Z
-------------------
4
   0    0    1    2
 1230 3012 2103 1230
   0    2    2    3
 2103 1230 2310 1230
   0    1    1    3
 3012 3201 3012 0321
   1    2    3    3
 3012 0321 2031 1302
Angles :
N.  0:   0.2617993797   0.5235988081   0.2617993797   0.2617993797   1.5707963268   0.2617993797   
N.  1:   0.2617993797   0.2617993797   1.5707963268   0.2617993797   0.2617993797   0.5235988081   
N.  2:   0.2617993797   0.2617993797   1.5707963268   0.2617993797   0.2617993797   0.5235988081   
N.  3:   0.2617993797   1.5707963268   0.2617993797   0.2617993797   0.5235988081   0.2617993797   
Volume: 11.4487761096  (2.8621940274, 2.8621940274, 2.8621940274, 2.8621940274)
Boundary: T^(3) 
Pi: <a, b, c, d|a^(2)bc^(-1)ab^(-1)d^(2)c^(-1)bdc>
Homology: Z+Z+Z
-------------------
4
   0    0    1    2
 1230 3012 2103 1230
   0    2    2    3
 2103 0213 2310 1230
   0    1    1    3
 3012 3201 0213 0321
   1    2    3    3
 3012 0321 1230 3012
Angles :
N.  0:   0.2617993797   0.5235988081   0.2617993797   0.2617993797   1.5707963268   0.2617993797   
N.  1:   0.2617993797   0.2617993797   1.5707963268   0.2617993797   0.2617993797   0.5235988081   
N.  2:   0.2617993797   0.2617993797   1.5707963268   0.2617993797   0.2617993797   0.5235988081   
N.  3:   0.2617993797   1.5707963268   0.2617993797   0.2617993797   0.5235988081   0.2617993797   
Volume: 11.4487761096  (2.8621940274, 2.8621940274, 2.8621940274, 2.8621940274)
Boundary: T^(3) 
Pi: <a, b, c, d|a^(2)ba^(-1)cb^(-1)cd^(-1)bd^(2)c>
Homology: Z+Z+Z
-------------------
4
   0    0    1    2
 1230 3012 2103 3120
   0    2    3    3
 2103 2103 2103 2031
   0    1    3    3
 3120 2103 1023 2103
   1    1    2    2
 2103 1302 1023 2103
Angles :
N.  0:   0.2617993797   0.5235988081   0.2617993797   0.2617993797   1.5707963268   0.2617993797   
N.  1:   0.2617993797   0.2617993797   1.5707963268   0.2617993797   0.2617993797   0.5235988081   
N.  2:   1.5707963268   0.2617993797   0.2617993797   0.5235988081   0.2617993797   0.2617993797   
N.  3:   0.2617993797   0.2617993797   0.5235988081   0.2617993797   0.2617993797   1.5707963268   
Volume: 11.4487761096  (2.8621940274, 2.8621940274, 2.8621940274, 2.8621940274)
Boundary: T^(3) 
Pi: <a, b, c, d|a^(2)bcbd^(-1)b^(-1)ac^(-1)dcdb>
Homology: Z+Z+Z
-------------------
4
   0    0    1    2
 1230 3012 2103 3120
   0    2    3    3
 2103 2103 2103 2031
   0    1    3    3
 3120 2103 1023 0213
   1    1    2    2
 2103 1302 1023 0213
Angles :
N.  0:   0.2617993797   0.5235988081   0.2617993797   0.2617993797   1.5707963268   0.2617993797   
N.  1:   0.2617993797   0.2617993797   1.5707963268   0.2617993797   0.2617993797   0.5235988081   
N.  2:   1.5707963268   0.2617993797   0.2617993797   0.5235988081   0.2617993797   0.2617993797   
N.  3:   0.2617993797   0.2617993797   0.5235988081   0.2617993797   0.2617993797   1.5707963268   
Volume: 11.4487761096  (2.8621940274, 2.8621940274, 2.8621940274, 2.8621940274)
Boundary: T^(3) 
Pi: <a, b, c, d|a^(2)bcbd^(-1)b^(-1)ac^(-1)dcb^(-1)d>
Homology: Z+Z+Z
-------------------
4
   0    0    1    2
 1230 3012 2103 3120
   0    2    3    3
 2103 2103 1302 2031
   0    1    3    3
 3120 2103 1023 2103
   1    1    2    2
 2031 1302 1023 2103
Angles :
N.  0:   0.2617993797   0.5235988081   0.2617993797   0.2617993797   1.5707963268   0.2617993797   
N.  1:   0.2617993797   0.2617993797   1.5707963268   0.2617993797   0.2617993797   0.5235988081   
N.  2:   1.5707963268   0.2617993797   0.2617993797   0.5235988081   0.2617993797   0.2617993797   
N.  3:   0.2617993797   0.2617993797   0.5235988081   0.2617993797   0.2617993797   1.5707963268   
Volume: 11.4487761096  (2.8621940274, 2.8621940274, 2.8621940274, 2.8621940274)
Boundary: T^(3) 
Pi: <a, b, c, d|a^(2)bcbd^(-1)c^(-1)d^(-1)b^(-1)ac^(-1)db>
Homology: Z+Z+Z
-------------------
4
   0    0    1    2
 1230 3012 2103 3120
   0    2    3    3
 2103 2103 1302 2031
   0    1    3    3
 3120 2103 1023 0213
   1    1    2    2
 2031 1302 1023 0213
Angles :
N.  0:   0.2617993797   0.5235988081   0.2617993797   0.2617993797   1.5707963268   0.2617993797   
N.  1:   0.2617993797   0.2617993797   1.5707963268   0.2617993797   0.2617993797   0.5235988081   
N.  2:   1.5707963268   0.2617993797   0.2617993797   0.5235988081   0.2617993797   0.2617993797   
N.  3:   0.2617993797   0.2617993797   0.5235988081   0.2617993797   0.2617993797   1.5707963268   
Volume: 11.4487761096  (2.8621940274, 2.8621940274, 2.8621940274, 2.8621940274)
Boundary: T^(3) 
Pi: <a, b, c, d|a^(2)bcbd^(-1)bc^(-1)d^(-1)b^(-1)ac^(-1)d>
Homology: Z+Z+Z
-------------------
4
   0    0    1    2
 1230 3012 2103 3120
   0    2    3    3
 2103 0132 2103 2031
   0    1    3    3
 3120 0132 1023 2103
   1    1    2    2
 2103 1302 1023 2103
Angles :
N.  0:   0.2617993797   0.5235988081   0.2617993797   0.2617993797   1.5707963268   0.2617993797   
N.  1:   0.2617993797   0.2617993797   1.5707963268   0.2617993797   0.2617993797   0.5235988081   
N.  2:   1.5707963268   0.2617993797   0.2617993797   0.5235988081   0.2617993797   0.2617993797   
N.  3:   0.2617993797   0.2617993797   0.5235988081   0.2617993797   0.2617993797   1.5707963268   
Volume: 11.4487761096  (2.8621940274, 2.8621940274, 2.8621940274, 2.8621940274)
Boundary: T^(3) 
Pi: <a, b, c, d|a^(2)bca^(-1)bdb^(-1)c^(-1)d^(-1)cdb>
Homology: Z+Z+Z
-------------------
4
   0    0    1    2
 1230 3012 2103 3120
   0    2    3    3
 2103 0132 2103 2031
   0    1    3    3
 3120 0132 1023 0213
   1    1    2    2
 2103 1302 1023 0213
Angles :
N.  0:   0.2617993797   0.5235988081   0.2617993797   0.2617993797   1.5707963268   0.2617993797   
N.  1:   0.2617993797   0.2617993797   1.5707963268   0.2617993797   0.2617993797   0.5235988081   
N.  2:   1.5707963268   0.2617993797   0.2617993797   0.5235988081   0.2617993797   0.2617993797   
N.  3:   0.2617993797   0.2617993797   0.5235988081   0.2617993797   0.2617993797   1.5707963268   
Volume: 11.4487761096  (2.8621940274, 2.8621940274, 2.8621940274, 2.8621940274)
Boundary: T^(3) 
Pi: <a, b, c, d|a^(2)bca^(-1)bdb^(-1)c^(-1)d^(-1)cb^(-1)d>
Homology: Z+Z+Z
-------------------
4
   0    0    1    2
 1230 3012 2103 3120
   0    2    3    3
 2103 0132 1302 2031
   0    1    3    3
 3120 0132 1023 0213
   1    1    2    2
 2031 1302 1023 0213
Angles :
N.  0:   0.2617993797   0.5235988081   0.2617993797   0.2617993797   1.5707963268   0.2617993797   
N.  1:   0.2617993797   0.2617993797   1.5707963268   0.2617993797   0.2617993797   0.5235988081   
N.  2:   1.5707963268   0.2617993797   0.2617993797   0.5235988081   0.2617993797   0.2617993797   
N.  3:   0.2617993797   0.2617993797   0.5235988081   0.2617993797   0.2617993797   1.5707963268   
Volume: 11.4487761096  (2.8621940274, 2.8621940274, 2.8621940274, 2.8621940274)
Boundary: T^(3) 
Pi: <a, b, c, d|a^(2)bca^(-1)bdcbd^(-1)bc^(-1)d>
Homology: Z+Z+Z
-------------------
4
   0    0    1    2
 1302 2031 2103 3120
   0    2    3    3
 2103 2103 2103 2031
   0    1    3    3
 3120 2103 1023 0213
   1    1    2    2
 2103 1302 1023 0213
Angles :
N.  0:   0.2617993797   0.5235988081   0.2617993797   0.2617993797   1.5707963268   0.2617993797   
N.  1:   0.2617993797   0.2617993797   1.5707963268   0.2617993797   0.2617993797   0.5235988081   
N.  2:   1.5707963268   0.2617993797   0.2617993797   0.5235988081   0.2617993797   0.2617993797   
N.  3:   0.2617993797   0.2617993797   0.5235988081   0.2617993797   0.2617993797   1.5707963268   
Volume: 11.4487761096  (2.8621940274, 2.8621940274, 2.8621940274, 2.8621940274)
Boundary: T^(3) 
Pi: <a, b, c, d|a^(2)c^(-1)dcb^(-1)dabcbd^(-1)b^(-1)>
Homology: Z+Z+Z
-------------------
4
   0    0    1    2
 1302 2031 2103 3120
   0    2    3    3
 2103 2103 1302 2031
   0    1    3    3
 3120 2103 1023 0213
   1    1    2    2
 2031 1302 1023 0213
Angles :
N.  0:   0.2617993797   0.5235988081   0.2617993797   0.2617993797   1.5707963268   0.2617993797   
N.  1:   0.2617993797   0.2617993797   1.5707963268   0.2617993797   0.2617993797   0.5235988081   
N.  2:   1.5707963268   0.2617993797   0.2617993797   0.5235988081   0.2617993797   0.2617993797   
N.  3:   0.2617993797   0.2617993797   0.5235988081   0.2617993797   0.2617993797   1.5707963268   
Volume: 11.4487761096  (2.8621940274, 2.8621940274, 2.8621940274, 2.8621940274)
Boundary: T^(3) 
Pi: <a, b, c, d|a^(2)c^(-1)dabcbd^(-1)bc^(-1)d^(-1)b^(-1)>
Homology: Z+Z+Z
-------------------
4
   0    0    1    2
 1302 2031 2103 3120
   0    2    3    3
 2103 0132 2103 2031
   0    1    3    3
 3120 0132 1023 0213
   1    1    2    2
 2103 1302 1023 0213
Angles :
N.  0:   0.2617993797   0.5235988081   0.2617993797   0.2617993797   1.5707963268   0.2617993797   
N.  1:   0.2617993797   0.2617993797   1.5707963268   0.2617993797   0.2617993797   0.5235988081   
N.  2:   1.5707963268   0.2617993797   0.2617993797   0.5235988081   0.2617993797   0.2617993797   
N.  3:   0.2617993797   0.2617993797   0.5235988081   0.2617993797   0.2617993797   1.5707963268   
Volume: 11.4487761096  (2.8621940274, 2.8621940274, 2.8621940274, 2.8621940274)
Boundary: T^(3) 
Pi: <a, b, c, d|a^(2)c^(-1)b^(-1)a^(-1)d^(-1)bc^(-1)dcbd^(-1)b^(-1)>
Homology: Z+Z+Z
-------------------
